1000 9889
20 162
612 260
581 527
968 988
661 423
598 499
13 760
416 14
271 128
165 397
739 1000
497 501
321 135
362 379
986 147
684 999
627 332
521 14
199 458
230 892
910 408
640 652
903 945
498 616
490 552
36 668
826 794
406 378
99 244
320 231
49 543
643 285
728 147
241 235
793 601
300 575
225 481
629 462
921 445
597 800
299 471
729 408
611 988
98 761
103 104
782 573
767 193
568 905
328 366
934 712
7 358
124 1000
576 259
650 566
29 603
845 921
537 408
77 367
557 37
281 346
671 45
584 157
124 718
654 789
470 934
3 357
558 369
765 179
906 638
924 718
837 769
884 406
138 166
601 513
901 347
316 749
498 200
337 846
783 62
873 812
130 135
622 241
752 584
82 922
583 766
403 276
289 523
624 580
949 353
181 663
240 381
830 60
728 418
47 818
801 298
425 158
951 792
734 664
939 484
283 88
866 227
648 50
278 349
467 276
145 818
899 131
451 776
32 934
969 331
734 69
735 788
732 574
75 585
86 240
425 554
38 82
304 437
214 936
486 909
586 87
415 387
861 207
476 147
338 140
763 661
639 46
865 101
742 301
870 246
603 553
841 972
206 222
764 732
637 330
694 307
423 363
466 778
455 331
493 483
537 229
612 623
199 997
233 958
731 171
841 703
992 317
812 488
741 478
635 695
506 513
200 384
879 64
1000 908
169 18
780 819
928 388
584 486
638 75
335 491
116 643
337 682
711 536
772 684
573 407
318 210
29 133
293 272
185 383
223 211
632 720
810 168
617 412
378 136
186 496
627 599
645 92
960 674
706 90
109 889
959 287
821 556
572 486
960 320
615 512
144 893
324 793
996 430
296 72
577 457
45 691
598 417
877 406
58 590
296 983
616 640
446 797
412 917
948 711
680 125
573 238
761 118
300 918
706 945
728 873
927 331
395 874
291 173
228 752
580 621
780 31
582 151
859 574
549 470
418 824
940 184
457 504
719 90
438 414
3 543
656 307
128 252
382 347
205 450
613 453
965 472
276 19
271 792
212 768
301 593
621 604
70 124
233 692
91 818
129 529
114 113
506 263
762 837
535 818
204 66
497 456
66 127
673 461
297 409
285 30
904 231
485 712
913 367
217 106
489 781
860 772
682 36
482 94
104 468
530 240
435 76
196 674
682 439
810 128
467 351
317 1000
752 191
880 452
143 564
292 338
75 162
540 168
463 779
299 794
69 384
198 44
53 807
424 249
871 271
586 397
796 544
733 298
364 339
666 357
494 954
912 237
767 95
400 913
623 987
101 529
373 348
837 173
675 350
344 590
698 549
550 514
20 521
67 919
116 498
842 162
248 42
159 70
974 889
853 836
931 6
971 981
219 872
829 562
828 646
225 447
727 496
656 287
820 206
738 759
150 617
10 148
525 563
824 576
202 808
370 182
464 191
345 588
219 423
627 34
185 251
792 13
774 109
850 767
962 453
534 557
199 222
823 577
592 985
367 965
560 263
531 902
398 403
249 925
497 500
983 553
19 203
66 242
378 192
132 1000
224 25
795 811
389 982
948 379
677 259
759 139
942 665
807 849
411 211
821 612
131 48
540 140
120 597
65 340
573 52
984 515
705 356
616 585
115 184
947 291
287 322
77 441
54 587
53 940
519 919
26 216
154 21
214 909
140 96
503 796
89 632
61 482
905 836
177 237
875 978
610 285
663 261
22 503
310 434
573 504
616 292
374 821
140 725
445 70
755 806
598 116
21 54
489 478
767 951
418 66
916 197
388 638
461 96
195 140
401 765
388 525
116 906
211 665
847 843
533 429
312 287
379 523
613 255
410 896
90 156
276 446
293 537
906 160
191 190
817 635
858 153
472 980
694 771
38 807
590 336
12 946
734 639
471 527
505 183
864 681
42 61
65 244
431 493
786 172
694 557
329 687
551 492
630 431
242 420
118 371
523 663
701 304
423 718
853 117
527 244
235 834
587 425
44 225
511 913
443 657
300 766
227 294
31 638
911 757
259 99
886 22
702 36
672 280
141 123
240 956
447 863
430 107
109 728
187 370
407 649
230 308
231 69
549 160
475 447
2 37
149 818
796 607
546 678
789 258
116 42
922 229
232 551
569 872
92 83
257 2
277 79
318 949
865 485
653 420
489 41
56 644
8 871
448 142
360 282
767 939
881 1000
654 370
383 850
209 43
708 27
950 521
54 189
717 467
174 129
763 386
87 63
604 843
863 974
60 937
77 965
629 680
133 947
336 65
926 240
307 576
436 100
627 395
276 870
299 484
268 877
927 750
180 97
256 433
189 493
65 807
835 327
985 374
752 551
553 538
658 839
972 15
113 19
39 367
481 535
118 300
820 32
364 420
136 37
212 272
673 258
506 53
149 688
804 394
102 351
442 797
648 64
8 255
460 61
710 386
571 840
183 518
772 225
60 307
112 362
616 483
253 734
235 959
224 460
480 142
16 440
164 192
350 303
903 559
279 241
619 226
74 213
936 8
280 620
580 735
746 739
547 494
231 105
993 90
444 454
488 542
710 985
699 424
718 500
247 409
107 709
112 733
650 719
827 872
172 127
85 938
619 302
358 342
766 83
37 867
793 253
171 305
484 264
163 981
902 440
797 654
376 512
674 443
267 883
750 662
702 533
224 692
8 609
595 935
355 650
263 391
180 295
975 944
232 110
142 671
881 327
788 149
955 684
426 50
359 848
911 201
397 7
554 310
630 757
833 405
119 112
711 396
931 957
646 505
525 279
208 789
84 392
730 134
469 210
345 92
165 201
490 874
715 183
75 212
207 499
446 589
749 396
492 140
247 760
776 128
174 859
344 481
784 763
213 831
383 99
719 453
900 289
631 793
306 194
144 233
477 107
624 216
163 292
943 263
365 822
794 206
788 928
69 137
525 511
230 79
488 634
72 16
465 958
861 666
48 194
141 583
36 395
590 782
280 917
195 970
867 813
822 429
254 803
951 203
214 618
718 242
558 347
604 237
16 526
989 549
311 724
729 835
68 818
536 484
935 292
573 919
925 206
48 270
87 231
842 872
916 503
241 307
25 530
134 348
835 225
413 395
419 774
484 258
425 453
99 314
302 893
160 150
161 323
790 918
21 951
530 20
262 579
948 38
217 980
659 45
436 370
610 517
203 89
902 627
192 662
48 842
503 298
285 915
457 116
473 243
498 614
283 126
691 365
50 351
86 353
696 149
598 268
128 75
678 180
535 277
458 91
294 685
602 626
588 641
257 633
774 966
600 79
781 6
13 412
127 2
383 404
120 820
945 261
582 50
250 443
69 133
162 553
514 306
643 74
253 332
667 848
761 45
693 976
988 236
992 215
790 30
538 47
392 909
317 712
429 398
400 668
884 988
595 35
851 141
101 278
340 910
970 517
720 688
62 536
659 687
664 791
992 420
542 792
870 389
506 888
664 869
197 549
971 734
681 872
719 672
686 539
138 213
72 337
129 958
955 502
833 642
29 925
803 682
952 368
806 639
163 715
4 717
261 58
781 819
548 766
695 633
184 73
864 571
593 403
276 921
106 655
578 361
65 858
503 232
655 159
368 309
609 873
243 727
579 849
378 370
674 935
532 313
915 435
442 919
829 265
908 255
71 74
53 459
754 328
458 157
810 182
773 962
481 724
72 615
680 726
843 2
329 281
537 796
554 834
956 978
401 372
80 709
748 475
282 129
528 681
636 586
819 90
141 122
549 77
967 306
326 190
168 40
818 94
876 232
537 574
985 756
495 578
300 940
27 748
67 971
453 218
55 186
93 99
130 239
46 427
267 394
585 155
126 245
110 734
831 666
667 941
16 793
804 194
606 690
131 632
426 648
758 537
410 545
962 578
383 972
186 8
849 312
371 12
667 715
730 589
844 824
231 520
612 617
594 12
6 166
389 294
6 569
833 403
699 843
612 760
498 8
372 529
979 555
854 661
487 832
370 78
81 385
301 764
582 791
930 236
324 547
275 33
851 850
712 396
198 747
700 873
423 738
579 188
137 145
104 220
14 233
761 734
851 944
210 82
5 315
192 734
669 836
126 891
678 18
934 104
587 814
277 859
57 896
283 38
250 63
268 690
288 336
342 519
808 391
292 312
630 170
338 554
448 22
545 952
175 237
861 926
314 579
900 334
82 63
880 184
628 558
921 458
953 985
473 743
883 664
790 228
59 362
25 302
960 159
615 881
373 326
780 394
339 202
231 104
385 169
755 594
449 827
82 216
317 671
470 659
235 506
385 39
439 236
561 398
234 190
534 475
319 480
371 123
309 305
655 492
545 822
562 622
998 135
470 628
950 58
371 921
941 349
484 152
569 726
260 159
453 643
665 299
209 167
121 819
73 944
343 405
578 655
996 130
962 366
12 789
87 179
588 500
87 288
669 704
933 512
955 287
313 355
721 302
317 315
691 626
530 460
325 720
30 252
604 765
886 159
327 390
38 255
582 569
961 456
429 690
798 709
827 271
269 265
821 876
326 314
623 432
186 509
132 7
599 427
783 288
494 751
960 319
691 385
505 150
458 36
386 777
778 883
305 735
877 487
236 497
827 574
311 449
406 447
508 910
908 789
912 336
520 789
403 891
304 480
529 217
89 610
405 931
771 164
890 437
349 80
151 350
45 951
966 157
107 2
625 705
419 30
831 845
994 17
887 833
763 863
379 770
868 832
698 914
789 313
167 629
116 99
135 219
708 303
528 189
68 142
750 998
738 514
703 532
614 177
849 63
615 200
638 59
333 486
642 860
112 205
443 467
214 244
300 440
927 877
803 339
399 260
2 558
155 800
106 269
567 267
804 961
856 834
162 920
436 942
495 331
48 670
859 230
675 512
792 301
170 129
483 218
229 930
527 335
68 608
930 391
894 940
753 296
346 846
75 260
474 835
284 288
29 331
639 780
820 106
89 224
894 831
454 984
100 884
114 373
460 329
173 768
507 814
294 960
298 271
145 260
30 990
415 596
307 119
255 277
237 266
312 671
921 759
140 429
472 997
161 910
435 219
628 832
75 832
575 567
688 921
800 291
361 915
222 493
796 855
266 742
235 166
371 503
690 65
174 86
361 717
269 834
382 213
537 722
22 26
151 354
688 473
174 193
784 21
201 229
577 578
960 943
414 355
419 139
684 645
645 921
206 193
44 228
154 932
963 454
232 604
547 135
819 938
324 116
732 153
870 43
48 126
666 53
57 256
556 222
12 616
395 368
552 589
440 359
58 154
497 842
119 503
120 463
708 176
313 72
189 741
320 892
370 714
365 389
90 154
295 593
276 811
480 838
15 462
488 628
695 632
679 87
510 128
704 981
893 447
551 25
313 411
833 348
677 451
366 629
82 123
212 206
688 712
907 822
213 35
126 860
423 712
100 939
429 523
351 117
895 1000
88 878
652 613
299 983
139 698
279 594
640 905
743 437
710 326
567 715
183 706
809 151
331 599
259 242
361 411
451 666
33 669
142 48
538 366
791 112
723 806
540 432
729 505
468 395
197 51
644 630
390 698
597 690
927 481
974 772
496 963
552 380
58 493
21 231
116 91
776 868
962 839
859 718
298 907
534 431
224 844
775 979
323 912
604 39
901 521
668 772
371 956
163 904
185 873
917 255
722 361
464 121
408 996
251 835
327 750
418 326
702 462
538 631
794 925
869 103
800 594
124 34
803 585
933 666
442 825
702 345
778 393
835 184
512 245
91 856
916 287
338 999
172 767
14 238
986 167
367 620
460 258
778 747
925 328
112 50
817 976
88 992
624 754
494 720
813 888
189 62
892 483
749 422
140 349
326 505
27 60
544 130
864 961
691 469
827 304
841 448
257 567
735 996
810 461
244 897
305 771
32 965
788 507
350 301
226 263
154 472
616 643
357 767
909 152
14 580
22 83
353 904
118 648
858 935
875 15
602 845
310 350
93 70
927 453
58 444
913 639
779 338
525 298
193 769
819 629
732 210
20 854
662 141
167 545
335 489
154 924
2 728
873 429
794 735
264 638
668 671
190 335
1000 183
928 564
820 962
968 853
841 553
898 672
332 164
602 521
389 59
392 273
321 413
690 830
983 391
93 189
459 299
748 755
929 975
976 494
656 940
688 434
394 549
56 60
682 144
905 183
393 363
244 786
184 352
496 18
683 774
995 56
482 93
433 519
765 926
749 505
492 102
221 672
807 665
994 480
208 565
540 522
710 492
572 389
31 860
889 383
136 289
35 434
679 560
810 417
369 727
53 90
45 660
415 294
722 638
537 580
810 560
294 609
649 630
642 281
382 190
808 17
679 790
791 184
761 23
466 397
799 349
983 656
254 500
361 640
224 167
240 750
60 743
845 608
205 461
477 207
634 737
323 842
729 723
552 308
182 147
864 102
112 763
462 387
124 193
673 576
619 268
659 661
806 996
518 426
297 1000
485 115
33 338
16 512
516 949
409 599
45 998
15 727
590 89
766 514
495 287
983 58
736 270
437 402
299 401
502 696
194 233
552 799
593 437
476 946
312 979
384 328
556 718
659 957
602 60
566 403
17 650
218 261
437 549
721 410
815 432
249 489
431 443
329 513
330 810
598 147
726 964
140 479
910 15
622 789
515 701
165 124
147 737
688 779
862 151
235 767
412 570
72 731
624 24
236 470
614 647
10 785
743 481
620 108
804 379
328 436
335 197
202 469
184 696
245 465
412 984
638 55
695 223
187 472
667 850
351 709
407 727
581 248
508 532
658 627
167 623
241 751
373 430
871 99
379 801
180 822
624 850
514 82
438 122
276 257
280 836
432 15
141 617
680 485
693 556
663 740
479 683
712 982
569 563
608 7
402 570
111 410
903 74
726 972
33 382
881 594
509 881
975 596
941 676
524 396
565 712
34 148
750 332
806 738
937 849
288 341
601 668
546 39
470 247
471 298
954 704
938 333
955 633
561 994
670 156
912 928
604 896
952 481
293 663
350 984
195 717
529 318
199 237
646 308
227 252
446 350
692 402
434 446
324 894
420 637
791 606
886 984
905 207
299 552
230 796
583 792
251 339
566 750
951 788
493 754
325 969
933 138
40 823
930 816
166 299
994 424
39 977
695 222
984 110
198 216
628 889
98 452
609 665
563 50
469 603
610 107
481 37
833 781
841 261
400 77
314 655
315 186
121 255
343 520
73 124
435 581
220 245
629 95
478 549
799 277
250 588
586 162
605 198
969 407
736 283
275 905
827 180
828 363
513 453
434 518
386 421
983 958
129 77
383 974
397 887
750 526
793 151
618 388
964 168
713 488
823 657
163 907
440 260
320 810
796 856
162 209
774 40
152 295
504 862
730 796
950 745
406 779
977 205
735 894
820 781
52 183
844 187
293 651
973 281
351 389
563 930
394 526
363 571
470 509
95 860
350 839
55 605
259 916
271 373
184 325
497 258
26 552
977 632
928 68
748 829
163 762
237 320
476 664
402 279
331 135
478 58
407 234
246 54
143 732
165 52
890 13
835 644
17 5
606 193
522 205
313 882
68 728
504 815
66 586
782 812
197 500
473 628
681 447
166 561
727 932
448 822
17 697
658 921
443 7
40 448
439 456
847 511
943 968
432 282
292 254
700 211
719 177
63 701
399 671
974 865
63 514
534 846
534 473
920 477
449 795
672 850
146 973
554 329
662 381
760 907
495 920
600 756
379 567
871 49
477 316
238 489
664 192
811 883
93 950
414 884
852 150
20 139
849 85
775 357
155 612
673 231
553 857
203 848
8 322
636 490
360 821
214 48
731 454
532 157
772 652
647 572
651 569
393 312
401 262
39 268
646 508
425 136
9 969
763 70
341 36
342 839
173 683
815 268
429 705
329 501
981 229
303 969
295 559
604 693
227 355
857 984
804 753
342 656
221 321
131 105
761 308
728 43
965 834
453 126
793 753
60 48
300 999
871 408
634 268
139 304
413 689
976 639
380 571
966 342
992 189
205 640
810 994
741 606
776 686
764 657
267 37
73 278
211 121
116 156
229 411
430 610
672 523
327 770
183 382
665 491
370 291
44 32
183 305
642 973
720 501
543 415
68 829
34 125
206 679
106 453
997 120
618 367
256 809
160 971
68 844
988 621
461 299
837 912
241 129
191 356
985 435
895 656
181 702
661 644
501 401
321 11
928 29
782 168
881 211
696 359
796 28
875 509
748 773
91 734
147 736
460 553
762 921
216 61
307 486
435 221
737 621
863 229
519 39
500 509
905 541
578 993
88 247
953 309
718 887
947 115
338 528
361 546
676 303
897 526
500 519
273 500
615 810
227 637
766 722
749 544
519 544
791 223
922 26
248 219
586 143
550 546
679 906
342 668
188 999
158 731
396 724
440 924
901 881
810 966
405 98
153 505
962 865
449 850
271 521
55 486
96 253
760 84
284 900
35 111
935 743
244 348
720 375
103 555
968 176
932 555
170 826
956 949
441 16
298 651
794 532
173 447
409 562
266 493
142 568
555 289
592 647
924 634
854 767
12 840
640 33
170 208
320 749
569 494
754 18
419 807
539 706
99 347
280 479
156 178
512 154
331 538
269 510
786 168
147 798
285 628
236 134
331 154
652 656
844 340
725 55
374 399
781 325
50 465
966 432
969 765
886 106
304 588
913 998
258 181
973 922
429 188
72 583
549 219
932 213
176 659
22 181
358 798
292 24
249 945
876 378
333 707
954 476
945 183
311 94
870 235
61 643
641 271
560 857
870 122
604 434
399 600
3 374
664 967
89 909
721 746
711 808
44 89
880 896
608 36
536 257
20 914
604 996
940 35
137 730
501 567
33 281
276 235
232 650
45 466
104 914
856 798
12 669
320 654
860 505
807 290
430 859
594 301
81 390
320 858
904 402
116 648
851 855
925 36
618 566
639 992
251 931
52 176
164 810
964 586
812 666
579 161
894 161
660 806
356 509
414 725
511 851
496 232
242 452
9 829
678 17
442 793
43 522
778 971
399 722
430 318
964 914
624 835
7 716
249 130
265 613
529 464
508 921
19 594
331 484
886 118
744 328
71 919
725 188
736 619
921 463
95 468
596 207
852 49
746 604
230 325
50 215
639 235
253 572
804 444
791 150
334 295
287 151
549 320
699 319
348 903
600 296
965 16
36 228
651 257
375 751
488 913
953 553
318 597
890 341
254 779
954 69
458 351
106 258
345 714
418 134
185 881
188 706
884 309
632 198
650 301
959 293
462 327
444 982
438 448
820 605
87 110
34 86
994 531
773 417
258 878
11 49
885 653
858 315
91 152
149 488
760 729
54 447
954 761
459 301
77 886
151 723
850 566
798 814
394 592
915 14
919 750
740 25
856 566
268 924
91 983
991 168
795 981
243 656
578 957
910 390
294 987
612 162
354 174
852 913
725 397
545 895
570 666
75 200
661 833
630 282
100 621
835 722
2 421
437 786
867 197
482 189
834 390
339 796
343 892
786 293
678 287
999 988
79 806
390 983
376 279
945 877
411 488
608 140
196 927
736 631
525 25
925 799
771 722
89 615
292 140
889 943
940 528
151 347
135 822
323 558
784 44
497 505
206 788
250 645
125 375
287 24
235 475
54 829
442 635
416 556
399 611
771 980
256 171
119 718
871 863
528 207
547 125
203 616
770 260
239 209
906 964
216 902
983 214
533 35
534 708
647 95
147 19
506 979
59 475
626 960
256 160
850 760
320 787
656 577
329 971
769 358
259 912
668 620
959 63
7 994
493 89
459 201
498 817
156 175
33 156
289 266
364 714
717 842
20 398
316 549
982 915
816 613
220 523
696 955
289 507
753 190
113 223
61 855
88 811
216 661
988 590
844 418
557 835
706 415
609 903
784 573
69 589
485 888
507 912
333 864
716 228
75 244
965 515
89 304
188 172
882 591
118 340
631 840
339 824
361 912
602 638
1 711
643 144
420 31
758 117
136 686
356 969
888 261
880 195
771 116
352 300
297 509
871 447
896 707
235 153
74 233
629 121
153 222
379 946
250 566
110 710
93 908
315 854
427 600
343 559
27 672
1 131
862 608
979 836
854 816
620 562
931 41
861 312
718 163
253 840
628 84
422 575
499 152
245 696
176 149
547 998
286 94
470 811
72 454
56 971
366 232
451 435
261 260
713 579
16 765
932 955
67 569
208 149
110 724
910 514
640 34
252 349
329 880
830 452
27 489
322 167
68 583
532 342
40 652
403 282
186 918
652 947
579 853
731 702
610 549
702 109
830 38
363 383
160 57
911 848
944 863
875 361
71 356
386 972
151 76
979 439
601 489
452 605
236 308
442 471
345 180
631 733
687 223
328 58
691 152
953 961
865 157
149 716
929 552
863 508
514 862
106 875
487 474
241 960
899 308
684 582
889 128
373 287
304 110
552 464
76 790
758 994
779 299
672 985
144 621
579 973
842 409
537 461
353 700
724 933
211 714
763 905
486 368
806 979
789 239
148 217
702 768
849 316
447 367
422 603
890 915
119 551
600 649
251 727
696 584
20 2
524 434
138 245
930 121
270 462
492 554
739 763
756 699
462 522
54 84
142 823
271 81
19 40
627 319
703 114
806 820
725 662
281 997
660 807
535 917
312 909
631 204
812 554
529 719
82 779
172 231
412 440
35 943
421 166
226 990
597 317
74 282
274 456
26 601
557 907
136 441
529 326
64 989
112 40
677 148
729 143
178 191
620 424
704 595
477 913
648 419
995 844
585 746
395 898
69 295
19 670
363 22
245 893
199 676
330 213
115 665
496 693
62 740
446 775
309 889
532 908
790 248
666 442
120 880
558 486
823 352
173 43
490 177
611 619
6 981
469 945
222 185
757 270
64 533
525 696
853 795
747 488
902 79
718 155
242 752
851 310
912 844
159 287
162 17
34 940
738 860
483 631
582 597
61 511
399 349
475 971
8 614
997 66
232 196
910 587
971 619
458 650
224 568
374 329
446 171
121 928
398 270
128 318
972 919
935 29
80 39
488 434
924 978
467 809
285 872
658 850
240 477
203 803
510 957
521 138
54 637
854 258
594 273
378 327
184 244
203 176
539 570
977 969
951 762
565 194
895 591
398 219
994 268
556 523
551 806
123 342
251 285
14 491
201 544
308 716
271 504
832 462
830 841
330 23
26 300
869 830
603 814
759 643
294 533
926 810
799 568
583 145
871 410
982 977
785 363
273 415
747 885
32 670
926 964
162 625
932 125
22 493
427 639
619 101
784 188
343 675
572 955
86 12
222 740
300 150
858 728
654 657
966 743
338 169
849 491
150 496
305 377
290 15
667 695
10 158
263 192
200 224
823 776
312 410
634 817
964 226
967 701
513 94
396 886
272 812
635 629
157 127
565 866
639 375
259 697
864 933
424 978
96 543
43 120
815 750
33 34
252 402
548 711
109 503
761 952
65 881
561 596
488 360
587 724
968 594
934 379
298 233
21 997
484 740
503 176
548 933
766 336
540 885
299 705
639 665
222 367
928 339
237 373
938 936
316 772
576 303
940 832
113 312
475 369
313 718
761 500
134 812
749 363
614 811
155 172
598 368
250 226
790 823
481 30
64 552
839 783
182 566
610 53
233 510
275 769
761 48
27 692
357 901
358 166
857 581
73 470
736 370
862 726
700 149
266 217
167 427
746 951
504 438
547 314
90 691
336 543
758 566
193 974
345 871
851 403
805 719
152 129
707 945
147 81
952 834
950 119
936 513
7 146
802 182
312 438
699 802
977 452
337 933
138 222
254 546
578 132
439 660
502 616
564 531
451 152
445 968
946 879
599 43
322 53
105 64
125 928
717 156
497 57
830 453
790 636
209 397
13 533
837 771
967 852
949 505
952 83
184 61
111 482
852 756
941 869
345 671
375 425
565 137
368 441
796 499
602 305
624 857
951 902
952 800
93 442
773 862
724 285
689 659
778 932
140 333
431 190
126 546
161 942
937 93
793 380
944 815
551 987
924 333
624 7
438 537
686 18
265 809
106 985
642 301
439 481
244 847
301 384
927 348
692 759
571 494
40 374
98 660
245 291
429 92
837 111
586 161
608 873
40 261
829 102
16 798
605 116
646 542
79 349
699 870
417 925
183 307
6 776
546 501
698 168
129 243
242 860
869 129
655 570
932 585
416 621
833 752
228 238
64 839
673 879
546 215
565 809
802 77
388 924
489 734
72 370
402 831
865 306
417 875
214 184
256 280
792 250
261 25
100 55
564 358
527 274
215 710
38 837
403 456
646 132
425 256
380 374
255 634
246 363
851 951
265 312
160 66
414 731
164 522
881 8
97 761
811 357
284 227
736 912
470 21
481 267
985 139
415 552
71 186
938 755
203 938
705 4
728 163
362 417
804 728
457 499
313 887
467 166
931 727
934 990
991 667
539 10
681 299
649 606
562 489
175 462
748 508
651 642
352 469
153 228
794 202
585 809
782 589
97 391
741 982
228 767
407 536
689 784
818 161
710 979
489 237
291 774
885 343
137 905
779 342
528 86
693 644
344 663
334 118
637 359
340 963
628 30
774 350
262 130
10 251
727 346
430 692
557 247
315 756
544 826
462 325
285 468
87 104
431 827
371 781
693 376
128 384
168 897
152 262
261 236
764 163
255 824
792 214
705 523
800 737
752 746
678 710
99 405
652 997
427 410
69 821
285 792
161 298
807 951
962 91
981 896
855 939
255 751
437 638
739 210
333 957
506 83
625 47
109 854
237 289
57 587
701 370
100 623
305 577
297 229
26 301
448 119
641 792
36 838
473 548
495 675
162 940
8 266
351 604
317 988
875 94
666 851
779 475
218 899
150 36
406 146
680 239
439 94
689 871
980 354
16 215
749 859
138 318
847 242
831 729
278 715
600 437
124 563
710 846
34 295
558 498
543 122
52 721
180 559
978 161
617 999
157 348
730 526
306 866
239 64
977 680
902 414
155 807
858 362
238 392
993 661
446 245
640 88
606 536
384 774
939 52
744 156
356 194
104 123
947 545
103 887
878 75
882 54
424 610
66 43
786 816
364 708
420 758
796 377
890 397
375 452
583 675
703 282
339 623
484 588
239 945
520 506
298 264
49 902
691 371
250 1
602 346
640 563
879 602
355 326
486 556
985 936
880 487
737 610
717 652
386 998
633 689
819 68
307 280
936 424
277 624
870 529
136 592
780 361
710 238
288 635
54 578
92 689
899 77
10 748
27 774
814 562
174 91
585 784
857 731
568 546
879 914
457 229
480 66
518 936
690 461
272 318
326 897
476 54
176 986
49 44
235 441
219 988
383 577
443 276
615 154
56 926
799 83
569 966
789 201
586 370
584 133
253 38
737 377
370 322
99 896
225 589
906 998
181 36
343 21
310 838
167 971
426 323
389 396
824 466
632 367
869 78
24 225
342 454
345 290
454 652
238 23
367 881
835 195
32 276
910 691
803 545
734 983
325 148
100 227
258 776
413 282
566 448
784 849
846 624
748 582
160 39
643 562
15 429
521 82
479 414
856 671
329 116
853 126
286 913
605 749
967 10
900 449
193 323
303 898
644 974
387 447
942 303
17 174
258 176
848 688
61 317
135 602
905 655
908 218
396 6
243 619
165 719
684 945
741 800
960 137
644 687
106 873
913 780
274 825
758 881
462 178
81 705
675 287
605 194
292 853
662 897
410 440
16 95
823 60
862 578
258 756
49 217
275 619
148 219
909 644
346 348
521 720
650 308
873 69
690 565
195 81
716 565
537 158
7 774
307 728
977 176
975 933
238 51
555 159
742 579
122 584
622 149
362 96
316 632
961 373
462 810
123 110
626 107
1000 146
582 230
915 100
725 261
393 370
251 130
514 878
786 837
369 883
976 293
65 90
288 231
753 981
221 599
351 820
549 777
587 74
625 147
60 202
577 80
729 141
692 775
87 975
606 197
827 552
98 963
3 58
361 424
411 257
169 827
153 890
835 934
785 141
532 910
115 520
652 827
892 956
254 477
318 894
135 860
176 787
15 826
976 746
225 314
654 699
345 813
54 967
515 339
150 490
278 671
745 332
138 290
362 772
237 337
917 60
661 71
573 795
622 484
440 292
369 322
655 458
263 508
357 481
986 499
90 172
665 734
3 963
696 836
843 567
271 6
402 947
613 593
164 841
146 428
899 758
190 61
637 469
564 234
2 538
198 600
40 582
259 740
227 56
216 263
472 177
71 123
238 920
666 937
613 756
504 514
543 793
366 413
145 142
112 90
459 874
597 64
599 749
212 418
674 715
839 7
472 463
329 330
321 766
156 552
334 663
527 632
749 568
405 360
671 653
893 557
275 852
438 224
232 727
33 922
710 828
15 798
71 882
21 169
334 32
7 394
335 777
121 405
822 309
879 716
319 261
581 946
158 925
909 635
291 316
55 271
12 578
486 393
289 963
714 177
627 189
884 276
557 218
335 732
121 864
655 637
267 916
217 609
949 848
432 932
750 292
144 244
356 195
673 135
214 225
57 170
384 694
712 279
268 812
181 777
868 245
852 722
725 332
32 471
977 586
967 771
289 504
276 738
388 484
613 106
126 810
308 307
436 728
72 460
227 421
246 451
729 43
74 336
806 97
424 447
192 907
397 84
446 112
173 429
264 407
650 872
527 958
676 452
605 426
92 515
573 76
758 72
266 736
586 61
128 705
224 378
499 688
926 919
799 431
802 641
529 191
378 767
72 958
334 314
295 764
5 849
62 781
874 383
505 752
325 421
662 108
267 500
379 927
936 997
496 812
427 746
409 875
618 139
391 79
139 62
824 774
736 82
385 146
963 349
819 801
97 980
656 642
676 717
220 705
975 425
6 76
445 740
910 918
56 957
744 362
906 217
1000 244
489 625
643 902
169 627
920 981
99 718
891 378
160 858
363 709
899 673
539 710
834 918
289 612
858 16
293 355
55 836
939 305
557 642
308 352
981 71
929 724
252 517
398 145
717 589
847 930
490 136
226 936
445 394
236 17
761 406
299 973
799 732
655 344
531 358
204 582
546 580
384 670
568 737
36 927
143 997
896 819
17 296
218 969
59 327
575 823
192 292
191 303
468 401
896 674
953 823
370 675
645 709
135 891
463 414
357 935
451 446
14 497
555 38
899 326
372 164
118 576
451 335
804 201
36 387
789 379
37 742
901 849
392 831
279 681
263 100
196 25
572 579
703 415
850 925
183 267
624 789
162 123
484 114
731 211
976 218
461 286
601 707
263 552
376 714
587 944
713 717
104 766
612 453
75 373
792 363
896 975
941 822
835 335
748 532
179 307
566 429
152 633
544 331
69 736
913 378
984 189
401 174
771 282
38 37
758 723
711 198
825 455
790 691
994 433
191 670
621 213
714 969
623 635
457 352
957 51
265 617
343 27
520 145
188 103
652 406
411 256
498 455
911 599
491 222
329 143
274 632
629 284
26 233
870 990
546 992
49 312
876 203
273 432
457 211
647 272
207 91
102 263
736 333
934 702
947 160
996 791
525 467
804 158
890 84
900 905
760 178
478 661
449 877
301 132
948 315
638 183
749 774
861 460
862 575
920 290
44 170
708 321
31 444
15 987
237 663
37 875
495 35
98 779
449 911
450 480
927 886
334 618
343 111
608 196
722 180
745 109
105 206
569 735
533 124
396 765
43 128
595 943
835 124
38 901
484 997
318 478
87 328
713 745
70 96
310 553
792 216
646 215
246 683
851 887
502 705
854 426
358 869
878 28
40 696
772 649
185 305
403 486
545 386
15 189
865 828
596 708
763 93
161 665
294 991
5 280
669 801
735 701
804 536
41 460
596 410
62 474
528 970
321 844
412 701
765 777
218 933
313 800
776 136
527 933
244 40
569 458
751 683
957 456
795 21
463 131
206 494
533 642
399 939
145 312
823 581
850 511
353 61
118 895
50 213
749 567
552 141
27 685
853 617
912 117
76 970
700 140
166 816
923 407
750 894
475 364
680 271
699 61
884 119
603 665
894 392
841 796
482 548
883 185
244 325
889 520
413 240
396 994
56 563
75 270
457 660
573 830
722 152
996 335
427 60
953 148
275 384
204 298
287 789
388 929
18 172
525 780
837 522
735 457
938 339
246 516
941 604
267 629
752 697
733 730
792 443
864 535
247 106
198 554
555 119
169 816
665 987
319 702
159 961
536 936
445 244
18 226
88 815
490 911
715 250
330 852
937 324
277 811
80 435
834 196
268 738
30 961
87 656
145 105
643 502
347 847
496 387
338 602
811 928
28 290
288 415
572 423
133 307
576 802
114 929
867 229
852 151
389 767
726 696
277 638
47 356
71 957
770 817
634 442
706 607
183 232
917 703
895 390
303 715
79 213
816 219
421 72
932 483
736 228
681 549
296 581
776 847
960 662
971 1000
747 501
223 783
884 75
498 314
957 769
137 592
716 956
384 87
229 389
777 512
979 678
512 339
533 67
292 759
741 416
427 24
673 832
802 36
437 79
868 805
405 545
357 312
485 371
328 562
241 215
995 442
48 689
251 922
588 315
179 809
55 982
683 9
20 430
5 446
129 226
869 703
181 589
765 638
839 24
821 828
208 725
743 895
959 898
528 884
415 928
403 834
716 181
313 638
703 393
337 7
13 837
985 172
734 273
310 557
188 493
193 165
140 328
964 970
640 896
715 452
64 210
874 559
576 189
237 998
568 593
932 210
1 592
682 629
639 447
818 41
84 388
438 263
382 248
22 57
524 923
718 481
477 333
685 168
943 528
827 59
77 440
404 216
387 906
561 491
120 165
67 382
267 96
632 64
685 74
564 813
86 569
971 869
497 926
439 983
742 148
910 960
489 306
759 627
814 322
720 351
600 828
802 72
507 306
881 705
632 397
877 661
548 651
436 109
517 964
403 92
479 841
389 81
997 268
265 67
160 871
623 198
907 621
146 473
596 673
692 124
820 41
365 372
386 539
995 5
227 111
88 999
160 436
986 960
933 199
368 633
155 75
374 125
490 598
416 669
202 162
153 606
26 468
660 984
571 688
398 908
683 590
748 465
992 986
811 28
888 667
596 212
634 387
339 101
804 441
399 967
182 509
206 503
626 807
451 524
508 715
107 414
658 546
274 795
442 201
32 325
257 244
21 147
131 719
517 871
104 567
26 403
430 985
291 437
111 796
774 450
742 86
559 516
474 376
241 595
903 123
376 922
379 461
713 317
905 875
8 923
688 109
932 111
358 681
731 129
306 972
256 217
590 68
313 24
780 548
416 62
109 382
842 893
845 10
77 742
505 684
712 321
696 838
402 945
310 558
424 905
223 283
578 310
959 151
308 59
806 270
644 445
247 54
963 737
268 957
41 273
995 208
304 973
14 169
428 771
32 60
967 174
494 516
688 663
265 682
568 461
638 148
327 156
572 837
231 448
236 90
222 29
355 444
965 699
912 313
747 338
386 944
105 659
541 520
895 143
649 639
10 759
988 88
529 209
362 162
952 680
827 788
274 416
335 245
31 236
842 251
943 275
408 309
63 735
562 234
563 703
712 707
853 775
548 41
895 370
419 151
153 447
684 665
478 886
483 808
484 503
270 846
54 929
628 462
25 221
321 987
319 263
102 925
709 139
448 717
876 748
145 788
440 740
205 412
274 470
319 309
868 691
997 17
471 430
609 521
846 206
480 963
761 116
234 287
221 170
855 245
747 788
694 829
863 670
441 841
43 909
769 539
648 852
955 816
243 706
895 111
7 767
779 474
892 237
843 52
783 110
734 536
649 78
625 127
758 317
190 825
598 170
507 919
218 558
679 495
256 783
597 98
30 849
730 389
135 339
606 240
763 381
813 970
88 253
624 31
930 946
326 75
540 309
245 41
587 849
841 274
515 977
700 435
921 394
379 984
947 346
910 929
421 527
373 262
529 846
884 916
326 900
590 593
735 616
370 524
187 78
138 40
547 318
79 895
22 545
802 976
215 261
309 704
154 712
462 486
50 732
860 205
721 785
419 705
708 41
67 419
462 764
196 197
626 910
366 237
846 187
110 246
501 827
896 884
73 880
312 152
65 928
532 236
353 903
546 650
178 592
803 947
972 42
60 620
646 303
777 44
707 303
673 387
602 27
30 512
90 311
199 123
695 790
38 63
636 782
676 370
346 588
238 598
166 211
977 232
74 370
630 327
226 25
580 952
585 582
30 845
574 270
227 673
767 315
202 97
621 697
867 401
210 660
581 419
782 714
396 1
697 818
918 410
6 704
121 128
432 373
840 626
496 620
63 646
72 811
116 60
980 421
712 795
729 739
42 798
832 660
998 1
869 315
853 770
913 598
942 99
533 132
341 271
845 227
388 693
945 996
56 89
452 316
57 292
300 376
599 884
158 106
470 840
359 551
591 464
519 87
560 12
906 104
873 219
226 665
180 341
200 395
208 884
717 90
974 379
246 978
75 644
688 619
312 180
366 491
189 626
959 114
214 47
860 655
324 955
76 4
765 688
333 691
338 991
29 154
714 642
131 438
541 255
630 350
713 958
109 221
739 186
717 813
528 849
247 883
950 812
477 714
494 728
904 980
984 162
124 536
19 491
294 659
430 435
791 577
24 814
919 245
813 530
848 752
558 798
460 845
706 533
999 184
269 817
404 552
225 93
597 749
26 566
122 608
158 876
576 440
609 32
537 259
172 482
989 309
292 987
679 268
813 103
561 22
559 519
581 987
36 448
591 150
495 45
704 570
832 623
102 833
360 352
984 858
414 93
94 945
845 937
686 489
428 297
251 846
931 450
418 243
203 619
189 692
446 221
94 723
989 761
264 836
356 42
765 338
609 974
777 138
975 811
354 708
651 673
730 106
731 479
806 271
534 894
294 243
703 157
377 543
375 508
807 680
260 54
78 725
964 734
37 103
222 480
170 327
777 501
905 264
320 376
311 570
978 789
388 289
688 871
216 40
257 762
834 525
400 238
921 572
994 218
135 526
469 540
19 741
170 923
444 366
69 151
92 344
25 273
942 68
598 698
68 465
468 459
75 667
538 209
409 995
227 804
581 157
672 919
987 602
606 736
827 245
98 971
573 892
157 566
321 682
751 402
793 54
613 413
19 632
564 887
301 887
68 6
175 802
149 195
354 951
154 619
701 461
945 812
343 13
642 964
651 926
604 150
824 506
800 553
774 88
781 948
466 747
711 695
214 373
181 116
698 334
555 331
703 979
321 369
493 83
310 523
760 618
786 812
697 127
705 644
463 700
969 799
894 804
753 176
56 480
683 205
448 282
618 810
86 268
39 702
478 106
264 886
140 471
268 668
961 944
291 581
808 441
146 192
535 702
631 977
652 634
981 130
64 212
338 491
9 216
106 607
343 596
896 955
469 591
865 282
529 35
269 1000
608 612
550 379
678 396
296 922
316 325
690 118
488 674
969 437
789 386
292 174
996 858
133 392
839 552
218 92
580 424
118 635
666 771
458 597
419 178
41 644
339 491
112 799
964 554
153 371
175 966
197 922
58 48
3 721
820 620
927 840
417 151
439 966
797 332
812 399
707 99
398 344
98 596
794 817
112 705
105 422
837 893
289 191
941 774
683 153
632 593
186 915
217 909
367 595
238 962
707 302
122 786
543 956
982 116
450 797
934 491
868 379
796 456
924 53
85 143
929 745
913 300
825 424
991 127
784 138
147 769
451 982
805 487
878 679
936 362
661 899
648 62
580 953
691 448
472 394
291 974
936 505
922 820
814 510
891 665
909 26
993 772
559 46
514 381
54 546
58 545
296 886
750 303
652 211
412 820
896 677
594 958
211 498
174 234
298 877
151 787
514 159
547 189
333 908
439 130
975 508
707 626
323 893
34 504
186 175
224 913
266 241
409 836
85 923
845 945
242 710
280 983
651 248
689 397
980 644
693 589
569 599
751 315
827 283
85 765
654 99
424 881
394 325
159 341
517 945
539 921
24 250
940 312
428 612
488 391
531 749
129 513
60 787
220 325
134 274
753 286
167 350
351 397
744 103
950 86
568 213
553 519
991 189
95 904
761 740
65 173
617 392
41 137
325 627
87 628
99 688
669 858
929 757
269 364
58 888
942 621
28 245
766 849
372 57
596 496
601 94
613 925
165 909
349 160
297 285
515 718
13 73
205 801
757 212
593 851
500 163
283 719
309 835
364 498
239 518
993 486
558 142
64 478
102 314
417 674
474 949
700 697
295 641
428 265
335 128
248 26
943 577
432 481
287 45
658 691
680 135
561 388
864 83
444 655
784 372
253 121
309 169
77 299
538 783
465 9
766 169
21 484
594 486
940 254
686 494
465 154
508 24
594 377
906 13
990 222
798 119
121 108
977 144
461 319
337 881
695 415
888 640
589 3
503 878
889 425
543 598
983 271
881 461
918 698
805 128
269 430
776 269
69 705
17 302
588 35
610 999
265 234
155 440
110 115
368 85
683 910
724 48
265 569
50 257
765 774
587 106
3 225
438 696
939 681
545 594
178 93
876 4
348 685
967 374
250 315
253 616
281 877
698 727
454 449
679 696
404 606
520 799
563 535
101 692
173 359
410 171
748 477
396 458
645 649
175 606
162 516
81 601
372 104
136 403
908 508
756 150
940 813
653 400
158 886
34 288
253 172
879 712
913 733
41 967
297 838
249 573
983 698
806 797
578 368
519 504
613 493
577 783
671 205
394 59
128 67
239 79
902 403
744 483
181 194
309 61
555 317
564 38
543 276
55 889
17 974
825 983
424 761
111 246
906 176
697 13
717 242
997 586
100 244
191 287
237 77
313 389
332 423
378 357
765 599
511 643
41 371
39 296
665 841
227 88
100 810
329 520
863 463
867 8
597 255
908 638
640 520
626 353
772 29
830 879
134 806
31 654
245 549
105 918
839 231
934 825
386 995
23 506
192 62
781 170
632 791
102 480
503 867
456 754
148 648
754 799
629 465
634 441
373 147
853 665
642 498
755 615
610 446
331 643
316 309
783 154
784 15
936 858
311 114
337 467
157 616
999 417
750 793
867 819
797 633
999 310
749 27
521 814
279 758
565 573
231 537
626 573
609 329
295 316
51 808
890 374
509 776
725 183
168 800
280 154
355 638
488 29
824 750
56 816
328 565
789 648
574 662
902 153
261 47
302 821
195 295
694 799
592 945
60 767
596 793
833 441
834 914
82 911
377 613
673 16
324 976
419 956
39 383
886 934
946 587
412 83
363 487
548 967
74 670
330 740
131 493
367 707
192 717
744 810
378 232
325 559
990 787
402 296
576 611
577 222
761 553
669 742
563 287
467 434
813 911
621 237
252 624
36 677
166 288
814 396
62 401
799 728
487 156
930 860
277 558
279 112
246 205
182 613
993 360
499 739
352 728
573 221
386 233
836 625
214 933
823 277
864 362
58 657
872 805
712 654
625 647
416 532
903 370
684 22
139 193
345 980
931 125
549 438
761 279
348 217
167 567
131 613
393 590
561 805
625 993
862 982
150 434
962 947
585 371
605 119
759 991
850 921
688 68
427 1000
586 362
802 212
542 242
341 979
155 146
733 637
665 709
741 82
137 444
176 406
787 342
290 642
498 225
544 609
656 799
825 120
19 49
540 661
479 219
579 169
609 596
982 38
624 99
94 422
846 593
26 654
176 461
998 828
527 62
687 836
869 545
169 155
749 11
735 200
256 858
190 759
794 133
196 880
658 93
52 764
437 467
913 41
786 313
515 781
718 772
610 149
313 889
559 92
912 367
499 668
473 579
411 437
676 367
248 156
639 96
16 82
170 683
311 932
59 212
900 998
228 741
664 467
196 347
731 499
533 964
789 298
521 900
337 283
563 725
713 192
16 880
827 88
975 320
409 807
746 24
695 65
399 388
440 715
242 747
933 676
319 381
360 354
289 826
359 920
572 611
223 721
495 412
850 893
299 129
962 579
104 871
566 65
987 60
492 758
963 772
492 517
185 91
495 370
228 658
891 329
588 495
458 516
220 939
480 792
427 259
336 553
750 111
844 208
720 78
683 82
207 816
82 855
303 269
265 981
41 278
316 904
669 908
194 300
269 318
412 88
19 299
369 233
991 33
332 354
354 166
202 737
981 123
602 320
187 522
593 515
32 797
71 847
648 503
151 28
356 846
398 623
495 681
757 774
800 385
175 379
36 979
519 934
645 615
836 570
896 767
452 105
599 733
883 577
775 585
244 141
546 883
49 425
430 798
692 693
644 560
757 457
461 700
499 505
870 216
414 370
54 821
612 871
791 400
704 378
542 526
580 453
28 956
955 171
24 375
723 439
318 633
766 123
414 44
332 909
306 796
806 877
93 612
250 868
449 536
292 548
142 549
757 514
684 216
116 554
93 603
697 693
547 720
275 501
632 456
997 240
564 437
530 517
949 923
398 493
699 618
5 53
816 654
156 167
623 606
647 539
687 542
554 417
347 677
646 465
857 240
692 888
958 342
505 206
679 488
937 217
31 649
272 669
640 952
398 984
112 66
23 501
575 568
743 394
66 536
692 964
491 13
743 283
121 120
709 647
395 963
434 935
820 597
53 959
662 775
205 1000
184 628
763 534
412 978
288 472
59 175
486 98
433 118
668 343
724 794
911 485
927 391
629 361
719 668
896 360
551 744
73 313
456 143
348 357
498 310
686 325
779 485
858 566
474 319
57 269
789 68
243 246
741 347
690 523
419 726
20 118
413 65
270 506
295 29
595 619
470 13
195 436
293 524
475 697
132 398
868 944
964 483
350 655
623 174
290 750
111 378
484 776
503 252
12 935
723 861
878 472
240 284
661 574
133 245
464 724
29 292
329 602
407 363
891 972
907 803
982 485
17 501
951 878
401 86
863 34
776 102
631 6
340 173
749 439
770 604
415 475
297 150
300 755
265 624
178 147
966 184
236 413
601 415
922 818
413 390
725 535
283 372
303 889
469 609
911 638
553 118
829 193
652 382
908 208
676 372
127 42
572 165
115 562
775 512
575 818
512 230
598 625
12 108
628 764
701 888
280 652
643 796
567 787
201 142
935 975
112 468
318 983
870 832
672 977
140 799
572 890
793 67
757 306
614 229
466 877
654 848
750 933
290 223
309 289
332 582
885 414
216 983
103 497
881 923
180 38
167 788
447 572
423 494
426 414
483 579
107 899
403 130
205 50
868 886
746 342
509 668
238 74
134 129
86 910
553 875
163 659
632 512
484 861
626 226
424 544
298 25
83 869
929 937
859 424
200 763
117 590
651 612
356 486
490 944
729 246
240 151
424 698
369 885
960 688
722 819
728 396
703 252
57 560
813 877
616 174
890 160
875 444
51 14
382 604
40 797
919 129
317 239
412 709
986 750
880 37
537 964
192 103
637 843
869 751
568 642
731 751
718 692
990 185
912 756
628 673
361 114
301 477
193 764
658 542
54 703
719 187
22 473
558 255
780 859
64 335
407 529
747 194
381 965
55 3
244 508
851 332
45 253
642 221
132 883
131 576
137 515
68 45
529 565
989 419
405 786
929 408
693 431
551 513
309 438
57 325
349 556
557 240
741 403
742 180
245 836
765 201
127 513
884 429
246 898
192 895
570 252
39 629
133 922
137 479
265 18
104 6
53 83
76 212
867 982
226 553
902 870
707 458
269 213
368 282
989 920
829 611
226 664
890 627
526 957
104 292
674 880
415 838
911 77
221 915
277 929
929 625
174 539
359 549
754 309
666 947
246 505
283 97
66 787
963 515
588 940
4 205
334 844
498 710
925 579
361 786
431 142
877 330
312 638
724 323
545 592
303 832
895 826
967 345
183 750
95 418
930 731
567 681
339 916
561 240
912 332
931 760
842 5
115 637
704 46
149 315
503 782
254 400
143 841
538 173
614 496
207 58
954 900
227 984
710 935
487 282
788 949
456 438
679 920
300 255
908 510
413 568
533 122
490 157
631 806
576 310
872 909
504 273
33 525
822 271
695 55
241 738
77 380
998 453
297 836
177 302
552 718
989 391
516 809
777 751
262 97
83 283
671 911
418 163
315 553
549 407
673 959
417 121
772 933
194 845
820 937
172 771
678 571
381 409
128 355
590 215
543 679
223 623
807 114
829 534
80 251
578 278
685 594
390 890
844 245
203 199
648 856
276 633
351 455
744 929
770 818
839 306
622 966
694 595
53 329
695 782
754 198
757 677
459 46
801 287
711 244
344 478
109 162
915 275
826 698
735 3
781 343
92 618
620 464
362 480
808 218
774 947
386 912
694 882
433 139
164 13
330 277
541 665
819 363
362 130
257 790
334 356
357 909
177 31
140 997
275 886
992 228
3 423
277 204
650 598
248 84
432 427
286 282
845 762
846 370
543 182
211 313
628 321
471 251
328 123
917 13
850 32
723 338
305 413
215 246
898 426
689 503
485 156
158 114
879 460
437 217
850 834
724 735
786 730
825 896
169 740
738 911
890 870
446 152
375 786
51 712
158 300
414 954
555 168
521 488
356 264
833 526
484 954
359 830
307 995
569 500
308 72
321 385
494 375
63 486
554 499
440 175
26 680
924 129
356 451
180 177
136 55
389 939
428 967
463 276
744 699
874 886
359 706
17 389
758 396
406 273
355 363
502 206
108 81
201 881
936 508
614 342
568 743
821 763
133 299
810 620
98 330
101 889
692 584
554 617
371 479
351 669
942 16
504 252
984 262
838 161
162 606
439 110
745 575
90 748
475 314
900 915
462 36
196 496
733 183
625 790
614 188
153 419
262 271
874 127
766 33
396 577
37 881
564 810
878 714
608 62
651 74
391 847
489 309
306 669
664 239
167 996
647 414
834 675
380 57
306 948
254 582
721 19
542 3
854 273
910 743
307 590
989 770
856 949
32 311
488 281
752 710
798 843
202 999
344 376
454 909
327 401
830 120
1000 259
928 224
913 380
274 430
522 664
568 112
751 591
990 781
575 669
529 317
605 714
218 738
862 203
937 16
982 736
786 311
221 370
295 975
60 176
140 248
123 528
729 139
314 711
633 995
28 517
856 190
16 453
376 734
278 965
600 131
777 620
32 703
774 677
667 791
742 361
944 688
837 75
987 626
475 262
917 355
242 519
650 622
443 228
390 301
413 964
345 822
733 155
951 68
297 879
384 925
853 802
33 721
487 548
769 197
953 416
880 704
148 134
186 49
204 648
770 917
603 288
875 583
467 22
555 581
37 998
21 481
134 64
285 428
893 55
507 356
920 117
582 968
544 929
252 967
51 659
656 607
149 510
121 943
440 9
131 920
725 704
925 30
181 830
994 547
242 316
575 66
388 120
651 562
865 367
674 881
567 670
757 196
556 946
647 582
35 855
820 10
24 780
956 730
338 737
621 34
570 672
627 945
578 247
136 350
230 930
247 960
985 239
204 565
476 194
218 873
628 992
535 372
828 226
23 64
761 193
390 973
836 661
236 648
268 839
588 738
865 355
280 407
153 863
117 22
562 389
377 185
88 260
987 688
616 785
680 72
266 512
850 392
120 917
107 369
699 341
885 130
832 818
427 630
598 809
177 67
362 65
288 932
805 577
665 214
25 55
254 194
202 633
96 236
573 598
189 897
867 873
908 408
444 506
341 710
106 477
768 840
200 154
989 390
537 61
558 357
655 725
551 126
399 267
647 81
708 65
11 307
733 562
241 348
539 981
924 617
454 937
341 905
489 670
77 959
375 190
13 663
323 259
877 856
787 400
695 619
938 236
460 152
578 279
471 544
809 657
369 210
904 291
616 64
83 796
449 90
657 541
167 593
215 631
164 763
130 951
866 397
260 22
703 258
445 14
429 507
178 907
568 127
364 994
259 342
867 13
652 743
688 680
429 538
30 971
369 909
153 616
170 694
463 847
687 345
17 41
40 214
757 887
264 414
709 756
675 956
88 194
71 267
457 435
288 627
336 859
188 148
923 299
943 804
877 29
287 81
783 892
537 334
535 239
685 190
758 924
466 244
999 418
182 216
241 828
383 585
684 378
685 207
353 686
670 529
396 606
733 195
851 264
837 293
659 701
641 474
772 868
111 960
646 853
461 17
263 287
308 754
158 115
879 463
663 990
746 368
682 536
261 155
1000 251
928 392
660 55
755 371
648 535
23 691
904 481
557 473
315 786
134 298
891 371
603 167
324 588
843 756
76 29
851 821
460 307
768 271
130 1000
114 315
722 698
192 593
981 991
674 953
15 243
199 118
42 474
350 230
481 629
796 452
744 813
176 239
127 400
769 772
317 88
262 71
250 45
658 116
770 602
737 533
75 138
701 178
504 944
785 127
293 160
443 799
406 385
27 988
799 618
47 401
692 986
549 161
839 853
550 264
255 18
681 79
198 223
611 778
575 943
746 623
256 236
667 157
540 389
615 835
723 598
950 168
125 154
755 580
496 609
444 385
780 107
608 866
680 175
681 762
796 733
983 989
797 337
839 665
295 511
352 159
98 911
634 557
430 566
402 752
480 307
542 983
564 811
376 900
802 864
15 637
668 793
979 584
219 79
924 546
806 570
220 595
959 488
907 645
191 896
802 437
786 590
324 529
216 682
170 187
831 34
782 418
53 238
311 926
764 137
692 459
198 628
881 438
330 692
316 999
798 731
892 274
621 428
14 106
474 805
189 192
339 559
856 323
587 501
787 791
888 852
78 924
710 509
303 57
382 578
697 794
716 751
567 653
535 339
408 658
173 494
828 61
956 123
633 994
706 622
732 530
823 453
149 758
595 282
614 458
770 98
718 596
261 893
675 291
606 777
535 785
93 970
940 837
944 256
728 663
712 828
926 777
37 643
146 849
813 357
873 408
727 365
529 708
533 20
829 623
624 351
560 94
544 819
979 612
230 441
945 660
655 609
142 588
876 932
954 416
83 885
447 107
394 357
17 998
753 476
381 499
898 693
811 252
439 727
560 444
228 26
981 708
637 162
752 660
808 902
630 853
207 908
21 932
971 290
18 234
237 502
461 251
207 674
777 111
815 419
268 614
541 335
389 994
624 779
610 850
347 888
701 137
118 37
249 314
670 668
622 757
629 147
380 471
744 515
396 224
625 256
933 455
535 375
573 32
648 329
887 640
839 797
897 574
59 279
222 801
739 819
83 413
230 284
380 209
352 394
818 235
285 989
729 572
785 498
839 579
822 282
934 733
335 864
339 357
409 67
514 67
533 997
3 567
516 757
25 54
832 674
135 201
907 176
102 4
489 65
77 369
457 931
441 294
479 698
154 965
577 243
671 56
920 180
85 704
488 150
694 122
556 127
483 413
453 873
424 845
774 93
398 243
914 170
815 752
601 572
233 640
713 654
459 194
939 188
119 180
284 495
183 325
664 373
428 151
557 662
817 809
35 896
53 343
75 387
611 341
812 996
769 416
907 824
322 376
627 543
739 249
373 859
579 896
247 822
50 334
160 498
39 522
389 289
960 361
766 877
682 324
770 998
329 366
610 233
23 502
995 801
818 986
841 395
624 21
680 775
2 271
3 122
122 302
433 137
452 755
861 841
843 450
759 923
966 396
213 695
879 522
145 575
993 147
264 894
872 860
914 371
102 81
922 829
694 437
756 246
801 725
171 584
334 4
376 250
716 804
275 598
665 34
417 118
941 501
237 909
51 959
170 515
889 557
485 154
859 901
315 567
210 419
817 393
731 207
31 676
988 726
384 844
521 413
918 649
449 362
323 337
381 443
977 220
635 920
318 84
601 536
216 570
267 662
270 283
276 936
939 152
233 766
355 977
624 111
554 497
627 733
930 556
471 908
62 187
835 633
798 527
929 748
398 153
238 600
186 684
649 253
8 243
688 853
69 534
376 749
145 78
972 405
903 789
28 321
818 879
946 312
965 748
252 995
878 539
147 633
979 320
856 53
106 956
343 825
364 372
112 229
405 681
596 191
407 808
546 980
563 942
691 229
697 820
830 760
466 439
197 37
839 634
475 428
438 817
679 973
405 424
157 727
504 109
196 355
202 732
663 313
921 138
188 927
872 952
317 765
775 691
729 741
842 396
771 904
370 445
443 331
999 342
196 1
1 21
384 155
93 647
691 566
423 282
581 882
305 447
462 191
634 780
375 978
566 121
834 673
929 211
452 472
238 73
369 302
392 571
377 811
341 832
424 739
4 656
591 764
977 824
545 412
234 803
958 96
646 370
954 465
677 395
166 23
574 912
721 332
705 839
943 325
670 391
553 667
683 776
299 760
920 392
680 530
553 292
290 834
991 94
204 956
977 644
528 998
305 595
56 494
191 791
142 489
936 474
535 338
458 222
44 719
575 637
524 705
88 187
267 35
202 399
738 205
97 179
44 606
835 913
785 132
421 624
761 5
123 880
537 660
667 559
166 780
617 582
407 530
174 267
343 656
171 515
997 691
854 772
193 787
858 715
928 71
489 100
182 129
349 656
780 878
12 448
620 621
586 941
436 532
609 260
79 424
997 917
926 403
231 605
306 884
432 241
722 172
542 835
615 443
969 576
937 779
720 405
39 255
691 820
393 985
256 335
521 469
43 9
834 820
1000 52
238 531
431 742
238 212
241 144
194 6
450 956
413 296
252 496
308 2
381 724
938 153
165 22
942 833
14 212
986 141
847 844
4 938
884 196
800 985
912 643
144 541
124 276
829 322
207 594
317 187
632 189
994 498
278 443
360 440
371 910
114 949
869 803
212 26
112 222
974 658
153 940
49 707
446 863
254 260
862 455
979 233
118 887
502 470
876 295
128 621
382 168
477 236
944 719
230 492
784 24
970 831
590 636
311 101
758 950
7 364
252 176
950 627
231 786
107 256
913 597
54 777
625 835
699 452
262 839
612 867
168 412
222 723
690 257
358 403
729 733
385 141
581 953
180 582
77 202
849 369
578 849
685 907
614 51
944 11
1000 983
802 169
751 382
8 958
389 367
816 830
390 184
600 844
160 617
573 91
197 706
561 194
293 899
220 613
519 149
927 624
604 771
73 861
437 484
534 562
811 219
460 11
742 945
274 634
284 377
782 488
137 385
142 843
180 442
94 576
829 236
817 735
712 499
436 211
19 109
76 74
904 293
228 285
156 210
341 90
703 204
548 936
398 19
271 259
203 73
219 659
354 215
355 146
87 571
143 325
735 255
94 269
9 865
248 348
877 154
19 440
972 370
847 285
723 588
532 27
635 424
925 548
486 730
14 381
329 365
751 886
207 340
47 511
184 727
59 453
666 295
667 2
525 160
925 838
164 8
177 131
126 382
169 958
865 254
974 904
45 908
762 366
31 201
362 16
254 2
310 272
644 528
520 542
280 803
536 232
213 744
727 577
875 850
180 772
976 683
704 346
101 262
429 271
603 588
486 320
400 539
423 369
125 113
118 730
788 281
510 469
421 987
264 597
150 139
414 159
881 588
219 101
538 755
902 112
834 602
105 142
158 128
622 421
972 748
319 919
539 154
971 556
510 774
904 483
831 8
851 838
319 996
801 109
142 807
181 963
502 769
233 524
381 668
565 158
34 598
950 936
34 547
545 223
208 717
778 585
895 520
108 430
97 603
425 92
598 201
710 407
468 998
313 488
919 377
339 883
164 334
516 251
903 183
679 172
541 600
528 665
738 38
98 329
128 678
741 854
37 463
816 316
681 367
3 375
791 246
870 789
345 281
236 605
590 692
385 43
666 76
733 618
796 37
67 729
675 406
823 54
370 442
266 254
818 402
837 374
381 26
456 187
870 532
883 200
427 862
963 288
15 639
137 455
190 830
725 870
816 14
551 269
673 868
638 860
46 849
677 805
750 485
570 855
129 539
973 186
260 315
464 406
119 206
765 312
611 5
94 536
989 944
574 774
631 339
597 495
155 692
179 314
363 553
350 817
939 276
216 309
895 607
753 114
535 542
312 776
960 692
835 596
503 482
456 883
218 638
4 213
278 412
134 848
302 278
198 167
593 939
832 365
81 891
923 70
304 662
723 521
948 435
326 123
917 940
594 747
387 389
137 756
714 208
643 212
352 369
204 754
616 754
836 707
818 114
430 148
396 476
596 294
888 274
83 112
871 507
567 962
783 769
54 691
190 531
275 834
956 347
729 751
118 522
563 683
77 451
663 348
560 995
614 298
979 923
396 150
728 665
231 894
841 926
328 39
686 278
763 929
642 624
219 143
441 377
690 636
73 582
220 275
836 821
759 958
318 672
381 256
418 266
882 295
521 302
134 214
712 250
161 84
234 610
171 95
781 794
716 305
458 513
886 705
613 951
39 120
104 153
214 66
95 837
613 792
464 257
337 533
211 894
388 850
678 844
955 925
960 609
868 170
373 724
377 657
284 171
765 574
144 542
643 628
460 420
29 64
527 142
333 568
290 871
151 170
246 543
49 992
395 764
89 295
877 326
211 94
900 387
616 560
924 281
433 274
469 436
563 106
693 212
230 643
163 326
145 311
74 151
289 150
899 90
421 642
727 862
818 22
654 464
322 841
897 685
145 704
511 271
253 708
433 77
899 376
496 939
338 66
260 497
693 892
842 370
165 502
862 625
612 876
405 80
686 195
615 107
121 419
343 575
281 339
672 587
985 807
931 137
879 327
183 332
276 82
9 90
704 652
100 248
985 961
237 916
561 870
267 543
808 981
968 609
646 25
692 367
470 85
74 898
551 148
418 496
20 300
95 808
96 666
170 113
206 595
108 733
735 472
256 586
811 504
460 234
617 441
511 649
312 938
528 769
415 804
263 926
549 661
640 671
454 859
916 964
204 886
132 680
958 347
192 790
65 24
69 560
144 905
491 482
202 147
501 133
504 919
839 267
451 880
344 192
499 924
118 950
568 719
607 214
511 205
26 135
45 745
303 721
586 479
473 702
817 44
779 604
463 31
836 539
673 362
966 386
474 964
384 484
554 512
131 849
685 298
926 556
853 532
893 711
914 760
673 663
476 9
171 573
942 218
125 302
646 558
405 116
435 901
775 991
409 738
708 386
163 783
263 280
730 745
756 124
533 74
293 981
837 580
416 480
417 25
128 468
849 126
426 217
781 977
138 853
203 401
320 190
551 811
932 831
147 225
440 85
4 702
663 67
470 113
436 1
789 515
494 379
298 46
527 435
714 662
521 689
990 763
207 759
423 922
346 344
835 490
930 554
489 810
151 780
354 248
818 523
503 281
568 30
92 804
337 868
576 633
287 295
479 272
338 676
653 731
251 465
397 29
300 744
193 344
412 766
236 410
917 919
873 73
799 599
505 463
399 280
605 388
329 153
58 953
176 516
909 100
827 999
903 586
944 569
525 84
763 713
233 454
723 570
322 945
491 778
439 106
25 466
945 161
943 938
983 617
585 138
65 644
702 979
813 490
424 27
951 639
20 834
793 70
561 482
767 269
361 68
750 942
915 727
867 42
37 893
441 348
278 55
141 783
924 515
444 960
428 317
980 754
281 230
494 74
223 520
759 586
371 829
264 705
119 427
102 703
105 361
876 978
271 902
418 342
882 152
225 832
544 520
800 610
676 310
532 25
716 270
113 807
199 497
178 669
512 197
554 949
643 893
772 808
171 125
902 782
172 751
696 913
716 492
610 619
882 964
612 45
939 279
873 875
657 986
549 732
703 929
661 718
150 803
4 71
782 725
778 618
203 481
614 909
316 192
136 422
981 210
58 891
294 651
49 596
287 470
496 339
689 516
853 377
212 119
675 633
88 189
454 476
442 508
39 818
729 436
362 128
895 99
420 427
387 674
944 549
448 948
175 579
892 951
935 793
351 749
805 937
258 316
423 724
261 651
263 45
671 944
396 658
611 743
7 40
729 880
489 507
746 149
896 196
186 428
993 532
632 212
930 63
59 250
12 583
595 953
372 582
446 197
194 866
46 771
694 959
603 898
192 308
629 666
229 812
216 581
938 110
545 446
482 267
947 751
94 388
839 729
87 529
331 195
739 222
482 109
864 727
393 484
714 896
806 112
425 923
96 991
526 83
820 308
78 858
661 964
601 387
984 53
155 258
732 723
967 340
236 482
351 194
95 425
814 313
729 359
514 397
736 517
53 933
10 764
67 997
249 906
608 719
214 918
75 514
6 640
631 521
709 463
395 187
310 266
883 500
19 971
439 82
278 852
144 630
549 487
399 704
36 270
720 823
978 115
64 735
858 685
272 492
870 60
987 257
475 4
229 750
953 305
256 15
354 830
889 647
327 529
533 422
132 513
214 141
398 324
755 155
479 891
65 979
482 33
394 407
911 142
773 169
787 730
635 878
228 392
51 401
674 333
954 542
846 608
618 899
655 58
471 997
790 791
42 404
463 565
908 742
800 999
820 490
914 19
632 906
179 19
537 869
496 445
832 295
133 462
800 197
341 299
369 530
723 575
210 534
523 971
728 103
356 872
944 911
767 415
184 840
421 677
405 288
596 21
27 786
687 70
344 910
491 801
528 597
580 513
961 513
732 836
98 628
300 216
709 52
793 620
288 964
73 338
328 819
954 301
646 559
561 453
435 321
429 269
305 263
949 630
237 708
680 469
816 149
754 609
603 767
340 783
569 579
767 928
220 293
651 37
711 877
492 677
94 881
534 754
862 799
703 793
686 553
940 554
953 190
366 101
890 867
518 825
981 520
817 543
432 635
952 258
716 747
807 188
405 664
355 837
379 91
344 773
312 16
773 141
497 52
942 780
378 273
568 193
161 381
840 763
170 485
834 28
86 177
863 411
900 151
369 835
795 740
85 7
674 548
621 751
425 66
804 602
606 330
164 505
321 381
406 298
101 898
799 705
503 574
583 637
143 633
607 164
387 427
65 261
193 456
178 28
291 839
800 691
905 699
581 426
657 458
567 587
783 702
110 914
880 797
38 818
83 86
814 244
413 729
253 922
405 437
923 440
585 137
803 222
222 542
874 233
68 160
525 617
846 974
957 970
586 948
456 209
384 158
408 20
513 247
935 696
320 907
944 213
998 280
146 523
494 75
719 662
229 166
701 111
604 854
162 225
309 126
113 853
901 282
119 347
122 749
381 669
270 331
802 567
990 759
368 613
700 971
76 555
618 569
285 150
696 803
882 114
78 599
997 387
857 272
575 442
778 664
30 613
972 214
316 850
99 66
796 36
589 696
122 161
527 180
610 842
914 578
421 57
922 638
705 102
725 107
781 265
529 304
658 84
183 531
747 84
681 30
154 390
451 728
583 163
900 719
888 677
247 654
684 905
886 355
714 432
129 366
518 704
885 169
443 138
321 995
169 920
943 585
620 842
576 288
964 787
824 858
271 545
385 166
277 112
137 517
615 214
176 109
598 992
859 800
37 784
42 906
957 863
251 528
881 953
988 891
708 245
258 974
423 392
480 578
561 239
251 641
180 643
366 178
208 603
687 998
228 183
986 455
806 602
76 323
663 548
603 114
68 85
4 887
812 734
355 925
82 959
547 539
756 445
536 808
864 757
36 673
962 30
87 419
613 663
501 397
1000 356
199 58
132 714
596 574
602 331
911 873
218 592
131 187
905 384
669 679
374 87
411 219
13 131
325 881
435 209
827 723
517 371
169 413
830 970
282 164
499 940
754 608
921 523
978 556
425 692
981 471
322 724
239 701
649 613
918 651
89 624
883 582
94 892
849 682
300 870
637 587
875 986
491 981
755 512
883 503
653 311
12 129
788 546
771 948
242 548
3 478
44 242
45 71
840 145
508 487
474 691
571 3
42 991
651 171
500 835
450 424
505 947
431 591
989 385
702 714
849 374
674 379
962 501
289 991
806 868
538 666
812 13
673 945
414 817
510 670
848 313
422 748
483 494
47 753
121 989
985 624
716 704
477 571
803 560
454 556
860 551
518 485
441 855
354 496
264 672
707 428
713 771
808 757
129 754
643 921
321 106
748 599
51 257
839 296
631 138
333 25
173 878
378 220
714 594
571 935
511 808
57 513
131 262
740 258
136 400
316 727
910 28
126 673
911 845
880 389
53 629
939 636
192 903
815 767
658 156
568 637
330 61
61 187
287 425
127 174
294 547
652 337
783 826
908 811
987 866
144 56
182 512
588 515
205 993
248 380
712 523
88 485
733 395
386 140
183 923
634 304
672 605
529 836
614 353
617 515
280 682
509 77
326 525
729 558
426 643
12 926
357 873
253 72
435 903
850 26
337 245
67 284
336 983
379 542
806 268
324 501
452 194
20 910
81 232
744 440
703 273
727 273
876 857
684 534
720 449
480 522
983 120
731 195
510 698
96 602
258 809
647 449
783 41
284 297
990 424
217 762
604 994
570 190
592 794
440 87
60 768
342 66
695 586
365 99
338 925
9 87
817 760
772 308
848 210
781 541
706 208
669 988
895 676
472 198
949 380
181 738
420 622
57 940
204 773
646 436
596 519
133 271
826 856
514 46
778 967
981 60
450 564
203 340
791 847
444 90
464 888
363 138
535 330
758 49
649 963
300 633
342 744
537 610
922 315
757 199
867 411
745 775
469 731
524 831
641 637
269 660
865 31
499 265
797 882
159 101
732 809
349 279
645 858
685 157
373 401
945 48
672 1000
272 422
947 929
901 837
738 617
296 556
98 904
375 648
565 199
492 996
606 560
42 919
390 101
661 54
419 439
650 313
544 812
962 631
444 962
20 17
539 379
542 250
334 869
327 728
602 582
312 653
549 867
342 511
143 250
54 419
358 885
933 537
700 884
123 294
173 916
468 688
469 89
950 536
368 324
601 794
674 982
173 694
526 202
817 966
566 731
381 927
98 151
239 954
701 209
403 914
297 251
672 473
321 749
580 62
455 670
141 839
848 762
727 966
35 408
524 844
709 344
247 649
692 554
876 319
591 499
376 489
670 811
987 731
415 82
960 413
771 202
992 596
885 168
679 524
858 804
608 771
719 49
432 143
153 16
889 798
915 644
736 167
883 312
499 3
427 814
963 368
187 745
793 209
977 348
6 230
633 402
162 32
113 534
292 675
901 603
911 450
229 72
945 655
929 258
158 76
932 915
440 305
702 521
149 407
725 1000
792 922
734 894
823 731
57 40
497 145
647 265
650 63
483 322
47 589
428 577
177 967
751 949
437 317
902 857
946 809
379 2
661 526
460 853
441 683
406 919
834 978
872 129
165 818
731 101
105 758
199 164
809 752
212 876
956 3
223 34
207 681
282 528
342 991
448 264
400 83
618 847
910 1
610 879
866 197
412 689
14 357
627 804
829 32
26 319
68 725
597 964
139 756
378 778
472 331
938 274
274 705
829 145
499 562
762 116
271 16
378 893
362 262
490 339
953 921
291 798
740 931
942 483
512 872
201 109
862 346
191 194
666 408
218 195
559 350
282 502
951 384
555 987
476 32
79 197
418 873
422 801
466 157
818 454
91 264
479 673
580 348
395 488
456 234
241 628
112 892
441 154
208 379
932 544
129 821
239 86
721 947
685 792
724 706
911 15
767 748
492 722
717 391
815 782
137 403
1000 133
581 616
341 915
858 239
967 579
473 267
716 705
259 896
144 790
649 264
890 700
967 976
109 488
240 409
518 474
80 242
797 49
360 770
24 914
646 318
596 893
687 550
212 646
812 993
639 654
252 758
291 766
753 63
972 287
904 7
670 594
361 870
303 15
485 872
269 171
680 750
662 578
645 272
155 12
794 503
697 577
455 721
518 945
710 878
316 121
122 440
838 402
804 262
417 501
607 211
369 737
353 228
500 381
956 397
16 500
823 411
606 25
555 683
102 360
693 955
213 705
665 159
554 527
7 319
236 629
656 465
992 251
776 748
281 18
676 796
521 964
277 70
280 854
776 891
254 756
871 226
68 221
896 352
756 98
150 431
872 639
565 516
712 968
932 757
366 777
955 316
78 189
280 116
160 905
508 89
520 443
243 284
315 955
219 149
270 365
521 273
427 306
621 672
695 581
821 976
939 159
464 317
483 235
605 940
75 469
882 991
647 631
851 936
835 495
105 718
588 13
352 813
744 787
854 200
216 204
933 215
735 223
312 735
886 857
209 809
212 376
602 256
730 509
126 706
517 313
101 896
201 149
999 939
984 64
842 701
70 901
307 469
503 858
688 936
377 25
654 365
818 74
287 285
179 956
474 820
499 667
746 535
304 347
253 920
325 507
93 79
24 618
98 679
681 764
665 231
538 31
791 355
336 603
451 314
72 165
288 994
292 938
206 48
443 334
580 261
998 60
931 245
346 447
99 861
831 404
98 888
10 246
29 698
858 530
345 765
660 268
646 811
566 959
707 811
394 368
536 385
789 977
116 913
441 67
412 631
81 100
725 979
447 125
158 224
777 778
798 912
671 418
290 629
18 478
897 481
82 985
472 597
459 129
575 87
558 800
551 46
118 305
264 860
590 209
655 124
574 100
521 120
868 257
999 745
937 226
677 357
734 366
133 499
463 924
65 453
801 585
617 149
990 903
211 90
277 728
4 352
120 563
339 787
670 821
508 938
986 758
917 936
511 49
631 588
776 360
465 921
541 568
374 363
847 344
643 831
338 312
981 418
179 920
754 860
153 245
749 983
971 840
803 252
309 619
357 863
214 696
452 101
571 249
628 501
244 455
279 704
546 441
528 212
802 815
474 332
239 204
962 958
595 860
530 997
729 998
343 98
536 366
314 356
371 877
779 178
466 619
715 619
822 244
646 934
812 442
802 96
218 107
238 110
315 995
392 260
981 718
836 327
733 713
483 210
198 571
302 741
535 969
576 646
147 999
986 825
329 538
825 381
945 5
133 326
982 293
480 498
56 301
956 832
829 462
765 626
463 880
320 226
378 920
331 25
2 434
644 997
979 398
697 274
766 970
197 309
804 739
28 578
645 477
64 22
743 494
376 296
781 13
340 451
503 657
732 605
14 644
453 108
218 995
662 880
701 982
81 693
995 745
28 608
213 556
823 295
236 643
700 620
785 500
804 80
742 268
465 304
836 961
843 898
909 907
396 290
110 682
210 4
447 753
853 862
323 831
305 280
864 9
51 937
513 140
72 76
950 123
914 965
657 871
353 613
285 300
45 359
656 660
824 598
806 666
953 310
485 241
911 501
695 322
941 574
312 644
897 440
717 23
167 58
321 334
13 656
929 15
735 439
665 565
705 736
480 829
778 380
564 301
882 759
927 669
271 153
129 752
186 899
790 810
347 700
48 895
839 443
339 749
984 246
361 776
383 220
383 156
350 47
482 255
602 732
255 406
202 238
900 355
204 592
61 185
889 296
317 815
869 834
784 716
748 21
343 787
934 902
848 707
26 131
282 41
283 272
785 182
469 504
684 956
97 254
658 975
55 189
719 202
996 845
577 677
372 39
373 266
288 872
399 688
366 701
240 625
282 378
304 158
234 83
132 940
519 304
225 380
580 290
263 118
686 569
362 831
805 767
932 816
266 185
712 969
490 802
107 513
117 401
37 982
332 938
594 21
134 112
390 14
376 990
105 224
324 262
976 861
205 5
6 62
445 758
858 337
371 762
594 311
557 321
7 928
356 6
985 594
181 93
494 140
134 301
467 768
62 457
252 454
972 975
204 33
37 368
13 401
105 572
734 593
185 372
313 431
361 842
95 462
986 691
99 673
53 437
631 104
122 136
947 857
715 149
952 833
496 77
355 258
47 184
378 97
143 725
195 338
424 393
796 225
744 562
16 307
89 355
368 230
907 711
299 840
49 701
212 95
729 307
145 354
53 873
884 585
991 663
61 334
407 806
339 84
735 766
503 857
948 762
255 232
90 1
918 406
81 765
478 393
870 959
562 68
144 604
487 453
992 809
25 470
353 993
852 269
294 191
111 670
974 792
81 927
944 283
211 364
709 21
50 914
555 691
855 863
956 402
40 303
614 109
764 602
207 849
710 528
437 148
115 486
501 961
137 712
580 36
910 973
535 183
142 963
162 141
349 448
350 766
404 434
685 863
551 890
99 651
336 55
854 297
871 709
693 229
915 151
219 354
114 266
669 156
13 728
712 732
570 963
844 166
755 453
995 338
119 901
239 458
549 609
639 867
14 194
554 479
131 418
406 632
958 53
198 510
754 262
972 209
354 152
270 953
319 586
65 169
820 429
89 93
425 931
959 570
365 393
939 582
745 967
62 443
626 66
107 222
252 797
828 214
577 466
429 893
620 16
359 508
641 957
568 651
274 618
444 350
339 112
362 179
490 396
805 883
883 623
350 218
260 696
870 859
463 467
602 857
633 197
707 714
836 838
822 649
895 333
71 895
954 369
573 473
335 826
375 761
965 159
949 570
271 546
366 996
188 552
858 580
823 611
500 882
646 645
479 732
225 533
873 385
340 834
555 445
292 685
479 292
629 580
777 587
445 717
343 210
682 584
7 859
121 966
608 304
231 284
302 776
158 364
161 472
878 191
110 37
574 238
716 959
734 298
12 913
414 517
915 32
864 648
98 789
597 398
968 527
530 313
108 717
131 157
39 313
521 10
538 839
838 635
235 722
499 873
8 34
856 294
431 32
916 924
39 543
631 961
411 220
394 223
992 661
334 964
880 122
883 813
459 754
338 394
121 106
598 468
467 82
827 946
936 218
439 57
773 743
357 393
732 892
608 690
775 135
737 18
352 112
443 171
505 598
314 948
797 937
279 630
927 58
841 957
348 155
9 263
710 713
270 714
306 643
55 284
832 583
505 801
215 90
290 399
879 435
883 52
774 197
979 521
622 403
534 581
994 778
958 945
321 476
307 609
270 407
751 90
313 176
941 590
322 62
513 847
933 590
290 704
701 293
898 771
649 415
833 426
315 895
800 797
64 715
458 433
369 202
503 228
527 165
821 810
166 81
61 869
929 729
142 30
554 38
807 728
597 132
390 594
473 886
130 721
725 32
877 293
426 110
526 418
161 770
40 109
211 118
136 576
875 157
178 455
400 85
862 421
98 302
709 286
555 936
900 529
760 282
957 704
172 376
407 739
233 382
909 861
378 625
698 976
789 263
660 992
594 865
496 972
996 733
172 271
47 303
546 540
853 896
309 674
295 467
850 134
618 250
672 830
824 789
162 388
440 542
367 461
775 986
387 813
100 232
695 131
536 312
93 557
409 662
673 993
345 528
197 543
823 895
664 156
741 466
661 532
120 484
319 12
279 492
712 168
824 482
988 685
111 174
648 688
974 360
190 315
82 608
29 103
17 935
308 162
769 336
826 291
350 573
777 893
669 183
7 560
416 195
513 683
678 687
825 105
493 43
941 963
5 443
922 812
731 275
497 441
268 435
531 40
700 945
904 86
213 62
584 958
415 918
930 662
805 282
588 926
477 761
812 854
106 645
892 484
730 507
21 176
130 693
519 721
47 895
689 642
669 620
175 231
343 833
113 420
277 563
773 734
100 678
356 776
784 809
725 306
141 100
17 158
554 975
331 634
762 170
47 270
675 721
127 988
936 3
735 669
98 306
575 804
466 430
250 489
736 432
269 20
259 263
810 887
922 77
785 435
35 172
516 549
353 849
174 353
131 622
200 82
957 966
798 474
728 562
90 535
751 478
387 777
724 550
430 681
492 886
183 435
439 549
868 745
962 626
23 312
885 397
555 481
771 577
3 838
65 637
617 56
484 97
915 809
252 603
440 391
24 198
134 383
318 488
52 284
901 407
795 700
133 61
63 444
706 471
583 565
668 469
456 929
502 871
99 878
216 396
911 115
218 294
660 817
826 136
666 818
244 333
284 93
834 381
623 426
810 332
899 936
39 741
77 562
373 875
930 698
458 171
98 146
78 996
70 852
307 386
292 342
403 919
56 571
744 559
249 151
400 255
936 449
849 928
28 495
527 196
987 830
895 153
809 230
460 834
465 552
291 244
643 107
940 543
155 817
26 107
413 697
682 258
457 173
741 965
44 379
377 111
505 697
768 583
223 919
774 557
991 825
384 908
162 837
139 230
841 896
36 358
662 150
849 509
97 368
137 521
194 554
598 996
177 312
732 46
915 758
812 150
739 362
357 63
530 995
31 306
551 1
917 189
3 789
479 620
741 409
405 217
450 354
752 942
149 404
280 221
544 954
427 94
30 393
696 741
695 489
627 463
440 419
868 995
63 67
138 790
15 492
328 632
124 9
674 791
262 859
161 328
380 308
436 198
365 40
485 671
159 978
532 280
436 373
251 828
204 249
886 997
379 227
579 799
85 74
160 127
363 408
402 212
166 133
518 686
886 788
545 780
532 638
991 443
739 82
722 924
431 144
198 133
435 213
588 821
57 715
963 932
240 794
213 563
192 93
546 932
433 357
702 382
942 486
196 652
503 768
379 998
675 374
306 463
14 932
608 691
247 988
466 9
73 441
292 925
131 537
794 507
874 45
361 118
604 470
567 194
673 15
980 593
195 251
345 650
200 131
569 667
388 513
279 964
928 758
251 673
363 939
994 86
788 98
898 766
774 85
267 533
217 738
927 320
753 496
94 696
406 852
298 933
9 174
910 676
17 587
769 740
720 150
579 221
907 594
381 753
937 411
310 695
722 689
866 386
829 270
83 916
778 604
503 307
330 839
95 69
80 418
498 657
486 578
674 652
930 738
936 379
882 747
890 238
296 518
930 853
201 835
923 4
594 838
670 883
226 361
93 794
304 547
467 113
305 894
32 530
588 575
628 636
867 496
810 930
804 487
145 907
862 309
993 58
650 973
727 745
267 407
231 990
912 64
989 174
183 27
495 193
588 124
710 776
14 819
440 944
614 185
738 577
831 748
23 547
126 884
16 947
698 819
515 411
115 159
99 802
724 114
450 392
113 578
455 402
911 777
793 319
812 493
428 486
911 459
560 800
915 780
755 205
152 288
372 699
708 829
124 36
640 53
474 215
111 286
848 424
522 57
426 82
686 780
982 167
217 879
24 783
481 930
644 77
562 845
195 672
74 563
555 64
632 717
599 283
311 851
331 49
334 213
317 510
65 77
948 286
247 494
441 203
990 799
84 334
527 204
753 937
442 640
98 126
944 834
876 49
204 630
117 435
10 863
966 198
476 342
80 827
815 345
854 979
657 461
382 152
607 321
59 343
408 605
796 560
451 513
12 246
175 538
879 566
382 122
348 62
245 674
158 811
571 222
202 599
645 983
82 1
48 177
181 507
148 244
522 409
28 390
854 978
600 749
220 262
862 877
516 68
754 649
854 589
198 964
341 630
343 200
198 82
52 366
750 381
309 121
654 525
630 983
996 133
142 667
851 482
492 420
532 73
426 54
200 663
80 189
137 138
670 380
30 735
660 818
313 457
902 915
118 308
602 449
288 153
17 317
721 469
575 310
799 898
545 871
565 364
895 981
790 579
277 884
42 262
744 641
584 810
144 983
256 965
226 207
782 703
283 444
840 815
736 640
572 382
809 84
925 65
957 436
961 817
782 506
474 128
79 975
649 588
339 114
514 338
736 494
952 667
257 827
705 421
358 141
602 807
196 711
733 463
383 298
884 845
712 439
288 914
685 253
558 117
101 502
306 522
287 393
496 868
153 389
944 747
656 284
417 264
718 238
704 520
582 553
654 938
324 457
72 418
789 897
882 589
335 715
251 644
287 596
626 968
440 309
976 807
872 344
48 266
211 838
399 223
883 903
646 52
159 703
473 348
287 466
612 489
25 703
552 453
713 874
364 722
660 871
129 745
78 692
527 497
364 865
937 463
385 856
763 109
904 248
587 315
134 676
123 379
811 663
255 366
173 67
645 312
89 296
912 675
23 485
281 212
247 587
31 558
378 790
515 853
473 570
438 548
352 677
259 147
79 818
192 94
932 304
66 699
178 33
733 305
266 588
763 518
88 270
223 973
917 683
540 454
84 826
966 296
568 903
571 312
638 247
340 926
525 487
818 371
451 358
141 542
3 453
337 371
893 798
229 706
470 561
117 731
309 765
656 306
976 598
776 978
615 241
347 804
286 199
380 806
1 85
572 676
167 832
543 485
546 331
158 29
15 700
327 638
457 644
77 83
404 389
152 86
86 366
216 777
343 240
751 247
885 43
625 950
42 284
547 685
264 373
109 484
471 669
790 975
355 956
265 388
640 328
74 540
825 188
259 674
99 419
565 130
89 249
200 830
972 132
649 127
668 141
959 926
32 87
688 93
904 11
892 450
803 345
202 154
40 817
592 270
95 213
151 199
812 771
762 946
196 956
40 192
645 429
465 853
796 783
675 934
457 441
865 276
986 516
131 952
771 446
481 35
779 964
660 211
448 212
639 206
552 202
900 652
351 674
658 970
300 325
989 60
563 207
558 211
872 822
279 438
435 285
512 999
353 129
328 865
625 662
2 985
420 376
153 35
483 996
638 364
766 417
159 29
513 92
236 896
976 675
336 514
63 625
417 327
825 578
458 132
571 34
603 411
525 749
492 780
58 194
846 27
685 999
391 860
342 266
185 189
21 303
996 275
742 875
500 578
546 222
234 530
197 641
595 631
85 461
391 514
86 894
379 224
200 493
293 560
480 492
904 491
277 105
599 52
587 532
894 756
610 751
739 977
445 838
602 123
14 229
489 898
529 23
537 601
564 179
126 996
289 427
365 128
721 488
170 382
467 464
820 468
188 270
830 165
942 611
353 968
378 108
198 179
713 739
296 183
481 824
217 347
145 470
93 312
3 48
593 976
499 577
748 471
887 722
334 685
746 597
545 646
505 321
692 595
642 312
808 48
885 46
286 579
336 960
927 478
949 690
287 63
434 673
390 316
693 701
894 909
171 687
689 46
799 33
893 966
492 698
362 798
237 674
393 714
765 140
33 691
662 47
293 865
845 820
981 876
850 906
462 380
254 994
845 133
96 396
793 282
543 322
730 839
716 694
665 720
738 934
632 413
800 633
746 493
855 221
273 543
608 390
521 305
81 378
58 379
583 567
821 78
952 403
825 139
899 652
845 376
941 805
856 559
801 242
969 880
659 12
902 912
523 589
156 18
441 404
566 557
109 206
630 400
868 269
619 58
731 543
56 277
431 508
208 560
231 460
576 971
350 490
297 254
9 562
672 478
909 479
455 661
97 857
630 45
799 560
781 229
748 88
641 946
329 190
639 134
89 542
473 767
975 128
192 273
157 769
984 749
898 37
993 97
941 129
818 332
893 648
766 366
435 804
90 582
626 660
788 763
55 388
478 789
600 590
779 456
358 383
209 277
431 794
656 684
544 481
547 969
827 309
78 249
780 581
877 583
659 620
897 295
298 828
924 536
301 695
910 607
358 552
39 71
825 658
479 746
33 42
654 79
875 589
207 918
742 541
618 519
545 32
731 349
380 421
878 412
799 976
542 785
803 416
696 35
294 972
575 341
652 758
355 206
714 907
312 667
8 180
706 311
9 733
174 769
394 897
549 987
937 121
633 682
939 679
83 329
952 574
900 282
982 906
257 917
629 463
980 138
210 847
581 364
583 274
474 1000
36 87
2 353
244 146
45 927
980 270
837 131
395 176
736 378
866 96
495 771
352 115
615 18
391 196
512 907
850 527
624 431
360 470
559 699
49 134
894 46
660 482
823 118
771 971
846 397
403 777
194 524
837 310
785 667
219 227
405 826
758 728
797 712
197 568
419 626
461 243
209 90
194 814
640 188
380 5
989 701
684 205
261 172
263 466
211 869
530 743
217 736
659 505
218 75
953 903
9 172
542 70
48 646
548 755
218 250
755 273
994 619
69 885
674 825
967 860
938 98
962 124
26 715
28 109
144 626
149 693
79 578
939 485
411 507
462 663
908 620
321 910
570 837
341 323
952 792
608 409
10 982
377 407
140 341
748 130
400 170
992 692
517 337
792 880
614 735
406 496
268 497
911 617
456 657
40 80
577 415
118 825
321 601
654 261
732 573
18 539
222 779
261 921
690 105
158 531
309 909
297 609
395 113
267 393
947 475
987 518
183 21
597 551
600 501
896 502
391 953
695 111
970 570
42 957
81 849
121 560
857 477
861 200
710 905
578 906
405 862
431 978
416 393
294 241
111 58
239 113
940 180
245 768
270 455
110 134
682 527
935 499
494 33
872 401
981 529
929 190
233 729
215 857
398 299
346 24
219 282
545 398
947 526
488 297
200 637
424 561
901 449
66 26
393 250
468 666
986 219
492 352
554 487
845 292
98 955
43 886
706 42
134 579
18 40
437 530
114 641
422 206
596 525
99 47
961 408
814 956
434 312
679 306
168 426
79 550
691 649
833 70
407 239
635 478
386 149
285 719
882 525
448 19
620 409
657 161
154 429
249 105
670 877
566 898
944 930
232 980
306 179
734 179
995 549
102 265
429 280
110 772
326 833
455 871
262 258
819 704
608 893
645 836
482 690
361 419
73 375
503 492
68 630
520 690
832 740
488 826
695 120
408 27
779 60
164 414
536 279
892 426
849 176
775 72
415 823
327 577
608 185
403 145
276 129
115 411
746 347
417 61
825 936
38 911
483 300
893 265
694 858
53 66
626 132
32 256
446 51
949 440
845 375
792 381
497 457
78 606
721 591
817 798
378 316
476 833
645 32
612 213
887 77
959 832
804 903
108 372
704 268
420 887
527 189
680 540
327 171
676 672
795 253
581 807
568 433
934 224
863 154
166 382
870 738
598 349
318 644
993 277
22 793
313 907
151 127
823 425
850 879
829 248
981 429
196 683
838 110
487 404
435 521
19 838
545 593
642 396
609 199
461 650
262 453
874 165
72 887
625 861
205 645
477 416
650 530
829 126
524 63
413 984
215 364
296 526
245 565
85 832
417 917
513 187
116 774
500 741
746 157
287 705
438 343
99 973
461 206
851 442
689 299
319 240
466 612
86 709
877 582
362 533
971 641
462 712
526 765